Vol
0.015516594406112676
0.005728069973246761
0.003080376734328265
0.009680775308617967
0.0043073446760675555
0.0018794766209442838
0.006473078009377228
0.018101285199596702
0.03396276156688946
0.016141874039743886
0.0332705405893872
0.007744657612599853
0.004222845605555624
0.010096748126423536
0.0037992522923668347
0.004586959132153511
0.002423633455966902
0.004780313994038554
0.007682238666144393
0.019341840863332956
0.02664719236282961
0.017737873670986615
0.07629578157207695
0.019061061068820558
0.029492730802046816
0.010212382079396072
0.006934105559079277
0.0089362125387148
0.01722115603760682
0.0056525442265464715
0.015330167726345777
0.007415862536681919
0.00499079220528229
0.0071532188880325835
0.0037227031444876566
0.0036864508482728187
0.005054567851214328
0.003026675547578764
0.0026641720647473813
0.019175146914413785
0.00666265752906984
0.008738705361760022
0.027154646924257096
0.006803315525033457
0.0029257445295748914
0.007232640112252088
0.003882223381289501
0.05208660811913792
0.045208841513793514
0.01993368059918026
0.010484952891147812
0.005535422041614345
0.010187874494637879
0.011542458006323765
0.009944217216243903
0.005926106530102843
0.0033321225971653066
0.006327043833665998
0.0032485431503788444
0.00218636289865915
0.0020957843296278322
0.006043913865532179
0.004903424146213912
0.007946423325214337
0.01667908189247872
0.007375691767822843
0.009184940956693767
0.020216587300435115
0.037237098414032326
0.014632870772661313
0.0005435056412679703
0.0076938176730068945
0.0063308566011328685
0.005594825179985238
0.0037474175483894383
0.0024349469025206814
0.0023182137207445564
0.0034893588195077092
0.0024358185768677595
0.0020637476351854974
0.005720655255311186
0.0028255430381549725
0.003196220535657662
0.005856315318019172
0.004852218395052419
0.003211124082629796
0.004279438931529983
0.002877285395747015
0.003115963748809133
0.0021609228795965918
0.0023143357007980384
0.0017198491912467078
0.001624590028574773
0.001174710962996287
0.0009979910929674514
0.0006833426068066077
0.0018623597306480914
0.006532230803861862
0.0050815530332779055
0.008640201179567875
0.0036575622727092814
0.005855761803856293
0.005715394680837872
0.0060512019575317735
0.004731717106921561
0.006975054326163813
0.004329666270300899
0.002846161159758768
0.007467509419342347
0.005052372587809824
0.002828415193540904
0.001956407481414614
0.0019589760639657674
0.0022446136683126052
0.001995329661907744
0.0021254676517519504
0.002847473987538981
0.003493585802380289
0.0014465881052863525
0.0045863190470571856
0.00741702058689507
0.0033452299636666824
0.004132816717835107
0.002181780224343844
0.001799474853760405
0.0026484407101446082
0.0032381589130840616
0.0016057755483308127
0.0015886637405363474
0.0007106628162233757
0.002043334134556204
0.0009375953542009994
0.0005785137665363981
0.00854409472266525
0.0027429693735825877
0.001667767595640081
0.0010189258635317248
0.0015720111579512193
0.0010245977665856406
0.0014411611203563853
0.0006307754102033942
0.0012738209532174277
0.0012871936446407384
0.0011175519824210484
0.0005752154830476842
0.001354289408743793
0.004185379147845966
0.0023134476556875175
0.0013820455630045813
0.001537342535945813
0.00117313642905089
0.0010496857598335618
0.0013313095952358766
0.0005674986344748202
0.0011198988744481396
0.0012777167367093668
0.0008211589801791744
0.0011115190764366097
0.0012569737732625685
0.0010540800494640327
0.0008523234143094197
0.0007568201453334862
0.0020694566216749
0.0026558451827006935
0.0016739815221946167
0.0023949182136974783
0.0015694971866705985
0.002277687775271009
0.0011048139384593418
0.0012400318101989808
0.0006440155005120949
0.0005076714120355322
0.0004721963505276578
0.0005866942520189508
0.002210422742900447
0.0029034733974356254
0.0014958634656997457
0.0007682405662834604
0.0005316274214222919
0.0009306078542470706
0.0012715433037429268
0.00068883835133386
0.000814534203710352
0.0007980985637715089
0.0005565540897357716
0.0003293879365414687
0.0005102660189375425
0.000704422610123248
0.0006348750882536488
0.00029042271173996604
0.00030058580834769626
0.00032657027030556156
0.0025793241009447725
0.0012019660558180137
0.001374555860930803
0.003175654735970856
0.001980595557828819
0.001001859968040336
0.0007197813455206601
0.00034449823969724685
0.0016997738890834754
0.00034542289867609173
0.000533835493937254
0.0002405665780376918
0.003066248709422287
0.0009924407357945646
0.003510155190109969
0.0009777626197483835
0.0009264248645215285
0.0005268540770913227
0.0007119189572119666
0.002607698773690015
0.0011938648512608634
0.00048215598301418997
0.0013041545822281716
0.00045819643468079235
0.0014142118910193237
0.0010120458895600645
0.00045343210004292455
0.0007053549639960086
0.00021468018716399518
0.0003166417145340477
0.0008051349400805809
0.0005000791896779616
0.0006834640742555396
0.00046927050893498
0.00035488486400722674
0.0002378255226022833
0.0005394997921122043
0.0036242096866764737
0.0014912950065220552
0.000716350187552858
0.0015448960901718479
0.00048782906104281854
0.0007657695672901154
0.0009859282170463376
0.0011170091883717316
0.0010567703789338557
0.001109809687912433
0.0012622699814266386
0.0003919792255055037
0.0002918244796640733
0.0009846411774631946
0.001239598509487811
0.0011660530308021649
0.0006354586716981656
0.0008640161395457778
0.001372908215764615
0.000986748631749842
0.0007477807040871079
0.0016527900799157159
0.0021859737896844336
0.00147138506076026
0.0028224370212748045
0.0027872774450602247
0.0017827631184444913
0.0010886710615493106
0.002206393284381583
0.0026532593103774276
0.001381097631956389
0.0015396101952955905
0.0010288348114898473
0.0007190615931377221
0.000812177210053668
0.0005576007766377429
0.003806299401067242
0.0005311025497079152
0.0006283957078135964
0.00035013803527783285
0.0004823127528343081
0.0004993510631693068
0.0004541433675109963
0.00044066927398984956
0.0005371988342380339
0.0004141897284977936
0.0003870921456308051
0.0005540737688207589
0.00029981284893525445
0.00023028804450909442
0.0021548526245940914
0.0021825712494571723
0.0008496616566479565
0.0013794035664790021
0.0011404213625713655
0.0004971358860803688
0.0006341874204381767
0.00036948843316166703
0.000485480869261965
0.0007031916990072746
0.00029331929120173195
0.0003597776758874354
0.0006741710201379605
0.00036460248335073195
0.0013800738923229572
0.0004041565159789856
0.0007906218376428249
0.00053276033452186
0.0002735905730123932
0.0004174616135827429
0.0007267756336185049
0.000384972545281141
0.0005071238422939682
0.0007486149805393051
0.0006374064129811511
0.00037030149392431856
0.00032530883855465183
0.00019663025605641765
0.00032390381473523805
0.0002960754872912146
0.00023863434709479254
0.0001229583623017767
0.00014279598988409183
0.00013052031769899368
8.842921567196494e-05
0.0001814797396171563
0.001485226909927697
0.0002039550738324036
0.00012007285981038761
0.00013388004396912086
0.011615399745160777
0.0005857275585184734
0.0001907372813677358
0.000279353518960009
0.0001318230948684626
0.0001008977294724215
0.00010896969115501285
0.00011911208974005598
8.262856960157741e-05
9.449550284256896e-05
8.575883833537341e-05
0.0001658839920671202
4.989416668657609e-05
6.48716333135449e-05
0.00023493127295114077
8.255254531276663e-05
0.00024218006434153022
6.685193716206677e-05
6.534860320073465e-05
7.552515612164033e-05
0.00017165145124033702
0.00010210189774670574
0.00011047511061194613
0.00016845278906426305
0.00015088849403837006
0.0001287964025903668
5.151638842232914e-05
0.00010716410804458015
0.00010608100141269416
0.00015046875335918058
0.0039191863940201245
0.004070655813167593
0.0006991043057580171
0.00036567132906326603
0.0002524938404185357
0.004797297840172996
0.011171539575412271
0.0057106896402454276
0.001916668341811025
0.0028490104275853767
0.0048634412107929235
0.00922397223609143
0.007050197809422051
0.0033316307696907243
0.003982048628858271
0.003106750663406781
0.002984100281835489
0.0016184304087874918
0.0017319454806315083
0.0021079782195241054
0.001780896471239639
0.0015568051220181142
0.00413086727045183
0.005250981926215445
0.003504470570872301
0.0019353558381425943
0.002350156826357417
0.0010058215285515919
0.0007967468456122954
0.0011956262088526838
0.0014911612611125194
0.0005802149106989645
0.0004896518284168922
0.002303828978908845
0.0014581339279008169
0.002989783445090876
0.004943969404628264
0.004236285757844552
0.0015676732096358823
0.0013543120912347037
0.0027326923448037182
0.0037530519697067514
0.0017751966096465955
0.0015269206502802031
0.002008111074155468
0.0020635743690369515
0.0012895365899077147
0.000962156033780983
0.000751223830433844
0.0005262179402924319
0.00047773790378462326
0.0004522154280234881
0.0005052124459168129
0.0014480674385668804
0.0004317383203910906
0.0004834905666811561
0.00031083409314445446
0.0035979414989023573
0.0006902612261046944
0.0002877168543551593
0.0007501032029611007
0.0007474147651148507
0.0006977131717576268
0.00041439956330986596
0.00043892178088809436
0.0001530730736522901
0.0007788285898492096
0.0009287763022393142
0.00022062478776533261
0.0009211123640781685
0.0002820983492258409
0.00019882282112750437
0.00018365686147253985
0.00028871409022109224
0.00020708986815036676
0.0005332027923265144
0.0002907424937052583
0.0002631015635249349
0.00021351657328554015
0.00018774465391126297
0.00016763132114407396
0.00019347981801684025
0.0001513512943993483
0.00013396452674840865
0.0002428357920372509
8.689322922155092e-05
0.002181809910178027
0.00019445088507302774
0.0002079941979973637
0.00028708479359609114
0.00030233691655365296
0.00022227253844225812
0.00023446543624218287
0.000299042067649118
0.00017179622708619964
0.0003002542680395215
0.0012548489498451297
0.0010368897005816767
0.00041117573370387685
0.0003506799949864978
0.00026211189885156966
0.0007308399716000093
0.004048262556420863
0.0005287450798053995
0.00024308734457883892
0.0008994069629742227
0.0004795036662020036
0.00021682351202738267
0.00016483326478242867
0.00012741346189395334
0.00048704575172060614
0.0005449253593189488
0.0003111908157159558
0.00031866423430375736
0.0006455227648968682
0.00033323882048936137
0.00020123715283145439
0.00026201086272939353
0.00023901791655137202
0.00015454921694648603
0.0003674710890610089
0.00014218570440309038
0.00032712471676718703
0.00013596757988996484
0.00018482999573520017
0.00013612392665249254
0.00019458897964044978
0.000638653198451937
8.163751739254855e-05
0.0001270378674042455
0.00011295224176096288
0.00025542940611377184
0.0001325493427531773
0.00017623303712115728
9.38868657643912e-05
0.00028229742180057427
0.00017677486750940658
6.633859290977363e-05
0.00016053683431090747
0.0065851737730338415
0.006349336826791592
0.0017521425249075366
0.0007611067895515071
0.0012907804019147992
0.000799964371138894
0.0012070589459931425
0.0005848301262010138
0.0015634600385359184
0.0016229917798571628
0.0005825079799679474
0.000263630905383065
0.00024467095655076595
0.0004589660312576938
0.00043605174979751793
0.0002882026245250882
0.00029528408350818446
0.0003346155368491496
0.0002721770793080116
0.00034693777455641083
0.0003552122003157169
0.0010828138735742376
0.0009453392420826914
0.0018283283791957336
0.0012534710915957227
0.00026824965440015887
0.00023721256732738813
0.0002858511064931079
0.0002910878815984247
0.00022333770747473016
0.0002750314708187331
0.0009614400361786604
0.0011335766571123093
0.0005488591503393015
0.0005750524185111409
0.0010774647913524636
0.0008164815785998616
0.0005306630445429581
0.0008982935150707834
0.003447162908867318
0.006425712263217385
0.004873193726873105
0.005173970931814838
0.00155126052042979
0.0029725833017278896
0.007623566567024042
0.0016187024864469657
0.002704101635244864
0.0038154585029466243
0.0013608213706799933
0.001456620197214451
0.0013681112112596124
0.0009152479768570406
0.0005985104662552119
0.0020785068568890436
0.0015714856579584202
0.0006671246653657375
0.0007181191149148587
0.0027989037250186347
0.001266265455610898
0.0006471297951747563
0.000687271766208739
0.0017292922144626272
0.0030572435697680954
0.0017741539386917549
0.001163927731435167
0.0007705429841351621
0.0006609814026178029
0.0009641052016944996
0.0015357935279825003
0.0008302869700477356
0.0009960225015394901
0.0004955443268075827
0.0008567781811898224
0.0005699843079098617
0.0020688936616715527
0.0012392255585664121
0.0010242310110641056
0.0005749092448290055
0.0006351006722992847
0.0011219082943957751
0.005801938877764081
0.0023081516352177985
0.0014091038636041648
0.0013394860838717066
0.021478756582856882
0.017152652503964107
0.006438236388149121
0.004494501712830568
0.004329402362766955
0.005110477770315328
0.007963642700485513
0.004863591115703012
0.0033720744490450556
0.0032532929057763707
0.0024740658009095593
0.00149030614910882
0.0018683125199017742
0.0033853868730701884
0.004165277111010411
0.004230587657252604
0.002199410495189269
0.002211647684484026
0.004402931954522244
0.00420230557950253
0.0058941520110438
0.004316351255489833
0.005822094092404335
0.004000195333664525
0.0014412487297869405
0.0014296833795133088
0.0020955219061049002
0.0013811187607532306
0.0017010386768984088
0.0014750438810653382
0.0007147918347859473
0.0028518544133074525
0.0017744257029371682
0.0006472562251824516
0.0005450994570354076
0.0006086280853953212
0.0006317462103620523
0.0007618125389297451
0.0005764968854900509
0.0007489651144905014
0.0014151907419806147
0.0023140396283491873
0.0028019327517907586
0.00112099262041279
0.0008871905564396661
0.001696857845977489
0.0006042744484754646
0.00032414540759555775
0.0006513006515403361
0.0017223589838628766
0.0013415001364889395
0.0029295059064863276
0.0013111413588493398
0.0007335634628961829
0.0007811430382801691
0.0006699769476680774
0.0015566497747073276
0.0012505237770208118
0.0007145782375018123
0.0009590048775428435
0.0012295915723018157
0.0020440314598055994
0.0005346259652292731
0.0015422339978126067
0.0009717719324108928
0.0005108022985475762
0.0002816093416774374
0.00038112968230027044
0.0007155440901778173
0.000765179323174382
0.0008153889068895109
0.000534614778631696
0.0012361044296732618
0.0003528345714384254
0.0005443210571058536
0.0007171701178247567
0.0005602556255768043
0.0005708996435623564
0.0004085271379258971
0.0003760600589521864
0.00024125015033662524
0.0001105424688121143
0.0004215350485208155
0.00023613207482328806
0.0001788645069410375
0.0017756202279922187
0.0003066302127778442
0.00038402461292598385
0.00039231898110996726
0.0006064074328453463
0.012930920711937681
0.002286566488759703
0.0030125536761460314
0.0013330253039423859
0.0011712506328196515
0.0007885247158163818
0.0015484843480241394
0.001202820028592475
0.0005148676327346418
0.000581631904476042
0.0005195085438983099
0.00035152010404263884
0.0009842252025984903
0.0007624863509071082
0.0004679064864684937
0.0008064842427304582
0.0004406025944026503
0.0010858055536742699
0.00025795049523167496
0.0004517037097396439
0.00036925456511604067
0.00046331724939067064
0.0003103212434589584
0.0002738074558659481
0.0005130346526904097
0.00047119769411435136
0.0004320350200970186
0.0002804797594525732
0.000273833700588186
0.0032139803819352768
0.000320863958836917
0.004995465004213918
0.014637302913442972
0.0029093677302127474
0.002333303909999393
0.0015099627985362735
0.0009030501080501906
0.001244944761768138
0.0006229517606768995
0.00022832018674419764
0.00033713988113252884
0.0005143187733067288
0.0005552913014790396
0.0002488992785285473
0.0003162714543493737
0.0006782573705870834
0.0003437987755714949
0.0009397159266226556
0.0005131338342482993
0.0004366490452150003
0.00018106688490138396
0.00023332639653516338
0.000622141286001367
0.0001733802381603512
0.0002623166354211198
0.00048587641122843287
0.00041092305852698154
0.00028109332777624316
0.002144308711828821
0.0035224070445097396
0.00095724787474725
0.0016312325534944324
0.0036993404182457217
0.0017877356823621012
0.002406266918233005
0.0010294042743079533
0.0012293033863627833
0.0007435149625450703
0.00102577524310894
0.0009207626133696258
0.0003851394689870933
0.005203116142415415
0.0008965097925631582
0.0011666071374667982
0.0002844398720297462
0.0003127082296477506
0.000497067344412533
0.00034460352982039764
0.000250411856154207
0.0003763300571765651
0.00013961418183041586
0.00028669499500579785
0.0003729895815065228
0.0007118839737013268
0.0009580247539562782
0.0031163796535798737
0.001089408564787395
0.0003644003238127152
0.00013887965751221325
0.0005995067774799673
0.0013358995758130077
0.0008328094848852702
0.00042260610743222925
0.0004669252011448979
0.0004249811701221725
0.00033400181902003696
0.0003328836169190412
0.00027885858491659876
0.00028537085353768244
0.00018985855000876512
0.00038895524807472083
0.001856386017465435
0.00040968807448941085
0.00031771763961933446
0.000501616582393716
0.0012483680637345475
0.0021774001086600873
0.001030902825964211
0.0014837231315283658
0.001300054668156458
0.0005127925913347202
0.0002718471375195428
0.001958404728238886
0.001473499651628819
0.0008891470373835787
0.000920656884987394
0.0004868437491814332
0.00261419345166855
0.000499740597500583
0.0005759603453560824
0.00023275408192836497
0.000668317887516249
0.000543588169651668
0.00039511522625386864
0.0004380227901114965
0.0006136368987052032
0.0013672636298281981
0.000691875080785202
0.0006724637032369985
0.0005418501451091911
0.0002898376568797141
0.00037942439098179713
0.0007252777317758822
0.00045596155339580407
0.0005915294228307271
0.000745792279138133
0.0003784416372500625
0.0003426075812011767
0.0003601953589854071
0.0009609124273938121
0.0008601812743084051
0.0006437711924565804
0.0016222073815850306
0.00046850204269374034
0.0013519196500053014
0.0007267227378335681
0.0009736434527454243
0.0009725482490657942
0.0032276734351991917
0.0009432011753960053
0.0005099397655982016
0.0002130242362803649
0.00048041656578607327
0.0008428631245208557
0.0007356927021874021
0.0015985784877038873
0.001457661103960607
0.0016156499257602148
0.0006676066459712013
0.00098040038538067
0.0006243982829188669
0.0009769749374371008
0.0004380545100272134
0.0005318237858845462
0.0003179758075824829
0.0005557626427975984
0.0013780746803650492
0.0025890082341051206
0.0016658452700413495
0.001399774437921446
0.04902718300800031
0.11055610340923772
0.007566670978972299
0.0091917371668801
0.02054231618399626
0.006403753781995633
0.006215218501664606
0.006016692626423046
0.011648557617554355
0.00619645936228635
0.004471436573220075
0.005964844003597961
0.004601286737492028
0.003911308967588914
0.0015768331541155425
0.002616747053248324
0.0025778125381641925
0.001398441457455796
0.002106134792099133
0.0010456116646535983
0.001782047371736811
0.0045060706760342425
0.0018927920887015458
0.0016245078611286754
0.0007165538187870857
0.0011305465037579308
0.0013515636377163015
0.0009831667554425182
0.0007805583623043355
0.0017599718237294832
0.0005507468035434542
0.0009535805396012697
0.0020523703539826513
0.000793237783727926
0.0006604999104098875
0.0024643058430283073
0.0006853560256812719
0.00037618361443259886
0.00043617048042669473
0.0012463969836313247
0.0006440527635377026
0.0003863086771274892
0.0015874255360510438
0.0005434616535306557
0.000390141635444723
0.0005026238933566029
0.0005326190637636865
0.00026855612425846537
0.003180936248418697
0.004605086803607411
0.0012037797966786507
0.0006103449381569936
0.0014978667606282158
0.0011616654332411165
0.0012175195184692985
0.0011648975951139174
0.001723187092298479
0.0011462666822645736
0.0009513323721404972
0.01263396174144396
0.0061859503499759345
0.001513567805880954
0.0009739250823904413
0.0021547249539770005
0.0023638706738925075
0.0009586779039219688
0.0008382517456070704
0.0011515250228381789
0.001118358353703566
0.0010065189128121493
0.0014131924254812374
0.0008209718204252989
0.0004402987258851071
0.0011594405033402483
0.0008390747207381656
0.0006097918695763216
0.0006998085948234151
0.0006071224252571978
0.0006564299405319103
0.0007789672237264364
0.000565870348010663
0.0012292540288081457
0.004531480512287054
0.000359406443869755
0.0006289758717119928
0.0005257002328295478
0.0002675575190559098
0.000494174325755129
0.00026542219214568003
0.0006981322852822681
0.0005886895956888984
0.0016977731510415617
0.0004389595399624548
0.00022917815493182523
0.0003338883673872294
0.0008709856135555737
0.0005265096512231581
0.0002839176355304186
0.0002471439402309001
0.0003162332608637003
0.00015284666790761698
9.576639279168907e-05
0.0002742960807118352
0.00018253615170679306
0.0005561763796047728
0.0006694378525621585
0.000546186945435543
0.0005544280326616637
0.000273127077702782
0.00023440401532121547
0.00016377106625454623
0.0002050995456196828
0.00040947767667068725
0.00012500613411813878
0.00015419570928632792
0.00023833099233781598
0.00022417945991765083
0.00015984085336414347
0.0002326336628688864
0.00021834469271480501
0.00016733233555938593
0.00011521304998620327
0.00024340698848749625
0.0001301632729185992
0.00017249142777598785
9.058011531038994e-05
0.00015249193569589364
7.368136590237016e-05
6.15220095470367e-05
6.674047162269842e-05
6.134724168412736e-05
0.00019633422355292836
0.00017225801217635436
0.00014612072885565884
0.00016859354794353763
0.00024636006582634437
0.0007295586097125517
0.0035350178011474263
0.0024603086874585988
0.0011740098265761894
0.0006729311568367915
0.000658018173773174
0.0010994578628149294
0.005354768528606152
0.0007124630003068526
0.0006230167222082119
0.0007004249371921308
0.0005656218437313306
0.0006825153139584717
0.0004708467364222696
0.00041687250247327397
0.002151758891371742
0.0013938099434317953
0.0006692174620555452
0.0007752519243971196
0.00046714203987947985
0.0005700222856459392
0.000314104117085525
0.0013949490399095417
0.0009700213136546418
0.000838155766788325
0.00029560627968782326
0.0004126072083576641
0.00032012962453636994
0.00021139486115868896
0.00018072250264720066
0.0006421341691812875
0.0004595304358754142
0.0006468687089065955
0.00026886651370193617
0.00018104513095282558
0.0002319881834972815
0.00025123243003572957
0.00045322965663407305
0.000808796423164455
0.0031666627903032467
0.0025875005905122597
0.0034118915490615595
0.0010466573713469292
0.0010371394626514032
0.0019306418086719212
0.0005634998297650923
0.0006234850811455401
0.0003103755386017493
0.00015820218562874542
0.0003659985379478307
0.0004726079562699658
0.0005963350309801314
0.000525603552982839
0.00035081106798479024
0.00023863873289377665
0.0002555014062932976
0.00034172125418393325
0.0006750443309432078
0.00037818088515167075
0.0004030843417936436
0.00048282667784261066
0.00035002248634851725
0.0001872491932391302
0.00019732170069370163
0.00041860507529589794
0.00022216671347159028
0.0002286824950422908
0.0006069228321467966
0.00047219205022662946
0.0001129676072566352
0.00010540579131451253
0.00012006803993047484
0.000253454021228115
9.952442641421173e-05
0.0002584263337270278
0.000209562975315056
0.0007621101386874917
0.00021842675354529013
0.0004985563933481139
0.00035654802495012664
0.0003347762848788576
0.0003071405300055266
0.00033020032092958245
0.0001378857790531429
8.774193592256358e-05
0.0002459643385847816
0.0004247983408136891
0.0016943706464662067
0.0008164797756188731
0.00041411542840314255
0.0003272254737367684
0.0005607279549130838
0.0005562514291082842
0.0006013583398106257
0.0011709474680131125
0.0008675846665072759
0.0008659841995171412
0.0010981326487342008
0.00048198311828714544
0.000632894411511774
0.0008026783764060109
0.0011690648876693422
0.001970086044276747
0.00207369509038539
0.001584230174624493
0.0008206715691469453
0.0018177743965785153
0.0006471039755900685
0.0007334736813322516
0.001299317169391415
0.0006474199745343841
0.0005080666080166693
0.0004710439739200659
0.000616959050614556
0.001121966134945589
0.0037858927330284074
0.0012310520943733397
0.0011603832265336198
0.0008890305107963221
0.001255117969509737
0.0015103863530022345
0.0015861570914145803
0.001407110339072576
0.0070125251855347945
0.002399508847128639
0.000811059877690807
0.000825743080853412
0.002535511126995345
0.004215642909186794
0.002042322289121429
0.0012015688098252393
0.0009711639494635539
0.0005172240619538012
0.00044319137258559335
0.00040114853943197016
0.0009095815875371697
0.0012934847911715882
0.0007431769320652403
0.0011429476802638275
0.0004928660031830696
0.0005779887218569196
0.0004725062959181879
0.000472177826647149
0.0018390194164048601
0.006012000254421911
0.0015506755031537605
0.001254500213394434
0.0013488678439224223
0.00265962485718685
0.0014709399991475077
0.002157310909077963
0.0012982771800069076
0.0016008929499760798
0.0013728993744012122
0.004128497126238674
0.0017854171737555426
0.0015271557416813757
0.0020743530846372583
0.0019974668149333494
0.0009222394304257235
0.005129665618592271
0.004131378013230257
0.009153796681371005
0.005704180785737254
0.005326694780851341
0.005979285442443428
0.008666050745830097
0.0036397777159664978
0.006730399989080835
0.028231894015926677
0.00975767193093585
0.0067922800931714865
0.0031747716561158603
0.005983385829690362
0.004174113715161966
0.003614354585685636
0.002776149883989284
0.0019976803123885854
0.0030755656474174865
0.007574739391124693
0.006677402398730977
0.002827499426396668
0.0016717728131135858
0.0026050700592024586
0.0033472888175533557
0.004600521948629626
0.0028498665839931867
0.014961339003526291
0.003314908500109454
0.0017493240094011806
0.002103422421361494
0.0017450637930769267
0.001597559297611944
0.0024019421649175317
0.0012902738802097946
0.001753395505209175
0.002366650678506956
0.006774493651688029
0.004979846738842082
0.002892812973413307
0.0027919000681604408
0.0020991051961946265
0.0012413476520370373
0.0012218791613609159
0.002207538092653857
0.0028825989445432814
0.0017764851218794251
0.0008245420194108877
0.0016791760013137186
0.002013136450154198
0.0010709156555108062
0.0060291103726030255
0.019489248704868522
0.005352218867907745
0.003696408435868527
0.006594566377614032
0.0030597598441014675
0.0045677265175294276
0.002261763287114106
0.00270049846465606
0.0021809817192927957
0.0037506810101571716
0.002849152327576227
0.0011678513054869933
0.0014949891758013335
0.0015832541182107009
0.0012670926240374108
0.002324094051026226
0.002165837089630225
0.0021753391128602893
0.0018694199501718464
0.0010265170372910106
0.004029569614496559
0.002811233859656268
0.0019552931464174154
0.00151252610388714
0.001562863106996138
0.0007554922869477128
0.0012066220308955822
0.0019372875878765127
0.001486570334058785
0.0027638372361865364
0.0031756585937267423
0.0014055930489407609
0.0010450431827765945
0.000845173493052563
0.001237468002520658
0.0007575858376326705
0.0015134919367622722
0.0006714624269168523
0.0005449462003251592
0.0008103652743472239
0.0005869931305613928
0.0005995198926665829
0.0005711432973247807
0.0014012977838224715
0.0005917399327727702
0.00039182743013960853
0.0009141231062706809
0.0006937619741329528
0.0007312998024847279
0.0011554672960788599
0.001934461603459397
0.0006862850130423444
0.0013964497074273835
0.0008699618860111774
0.011036821414386838
0.00203707711632562
0.0020828975814775816
0.001596100941523982
0.00379104355931985
0.00499442571646253
0.0018028731088454526
0.0017648791266899574
0.002619120484382714
0.0009389922822245666
0.0013506203135812559
0.0011432835365374815
0.001001798015989575
0.0007337101133521318
0.0007388696153725064
0.0010686446944644526
0.002078881230829945
0.0017044617994544568
0.0017309182218133076
0.001394305392648645
0.0013376559181172496
0.0011794766282085826
0.002781652827284414
0.0016283915350456912
0.004199483569505274
0.010928969638862309
0.0019287737907246485
0.003260092371575409
0.005178091888984392
0.007387981468684092
0.004484025326757648
0.07043925813723731
0.013299908073161407
0.01783392741499653
0.007244800313695846
0.017012245599652403
0.009227010217281055
0.005100809948748452
0.0034421799502368624
0.003508624592786461
0.006079920206263344
0.0052706328727437045
0.0026398981045031114
0.0027607627569662843
0.0026846975723855797
0.001248252417233148
0.0012512794595038036
0.0025980123541470995
0.002676123471416811
0.0011563141883902852
0.0018842854175909838
0.0035494837129878168
0.004796006965362756
0.0036087547848152983
0.0019887079673387635
0.002163502612222187
0.0020234151296292116
0.0019496759433187572
0.0015476018056013153
0.001560188407736168
0.0012038689080654157
0.0018796522062076186
0.001684027180474273
0.001850732205547297
0.0076893514554494035
0.007930820110314585
0.003960329077202571
0.0021383976826158425
0.0037917866845768376
0.004119096456687311
0.0027027068695008433
0.0014728292587813158
0.0016588075825265352
0.0015967433356670606
0.0020118168569681627
0.0012104835439679593
0.000705270354096285
0.0005100822544803004
0.001276395319670868
0.0015733995819982827
0.0008197477158774482
0.0015165261034655914
0.0008249056805939447
0.0006552176008587257
0.000514355234251746
0.0006854359569723765
0.0007357446277834264
0.0012038226483509385
0.0011562852461194486
0.000966975676078549
0.000675903345127807
0.0005344522733614751
0.0006425588360630048
0.0011511440831477957
0.0018161508244185498
0.00089015023863509
0.0006395927031715794
0.0005964774694853131
0.0007857898680149061
0.007956631751787584
0.0025533905456630013
0.0028568512430614556
0.0010191755143068098
0.0016436632718930756
0.0009470286568521144
0.001403009289088084
0.0011008602557566578
0.0017044990183375927
0.0008951415588926193
0.0021167533388370325
0.002127489283170511
0.0020775419627897516
0.0015837213610634918
0.00220752560415376
0.0011102104198037889
0.000781925994661259
0.0010698898924447673
0.0014031251261098726
0.0010585875318714455
0.0009498703253604501
0.0009805840935420624
0.001288240107766127
0.0012653170162029994
0.0011925914856989865
0.0008665697333959963
0.0007923024295996232
0.0005396626219536432
0.0005828885951921171
0.0008434335724533503
0.0009015425600869467
0.001255255805284231
0.0009081141451716724
0.00036028734240336357
0.0006256233750668022
0.0007040111296362333
0.0007539223975720885
0.0007377591552549591
0.000740095115227009
0.0010383246146228279
0.0005046831079397765
0.0004912174002738286
0.0003449899194024318
0.019874078523391084
0.0021762157975697863
0.0011678454032433107
0.0010801043611914165
0.000525702501784459
0.0008400098819593368
0.0031479260589297176
0.0008809359090323618
0.00042905720918816575
0.0007247882432031568
0.0005808305263610501
0.0004794110948289612
0.0004989905845534632
0.003212082063897725
0.006015589488351882
0.002028055288439107
0.0012202380083847827
0.002583378787575958
0.0013236065271510001
0.002133428259108974
0.001337904096331732
0.0015670251946614108
0.0011255722832615972
0.0012343124897835577
0.002289086402510393
0.0005029580166773036
0.0006911279972127745
0.0014077316820736792
0.0008092427093566335
0.0023131334851660347
0.001191998424345715
0.000895849655271422
0.0005386046717495702
0.00099643802557679
0.0008735807338119035
0.0010045847052707602
0.0013608086382728708
0.0009548728024029193
0.0015342942418223695
0.0007155505491261871
0.0008746549418131077
0.0011763387107180103
0.0009484771552528221
0.000948560242594367
0.0030317036088315674
0.0012475722137812565
0.0007078621123529705
0.0006317435127766269
0.0005580767980160675
0.0008412433279756587
0.001801110911872944
0.004456375573241865
0.0011805099359141111
0.0005717419074001697
0.0005966963741283517
0.0009861099008412063
0.0008937634744746199
0.0009187248341806534
0.000648857375948223
0.0005932391338087529
0.00045875023783360975
0.00040511089650153975
0.0008741214448183568
0.0008051501510179112
0.0035420529679271425
0.0007728336057335148
0.0010484427190411416
0.0004820250886589014
0.0004961730722625151
0.0005464820450156846
0.002465394733419253
0.0017437967735685702
0.0021186418042650258
0.0010456799632203243
0.0008126267386500164
0.0006430654941195644
0.001936544392119594
0.0017021828208852363
0.000874003014633445
0.000599607745232026
0.0017118696241962077
0.0008788723081671756
0.0012459655566554812
0.0007849729577888364
0.0016508967244575632
0.001205926932126882
0.001193413943572343
0.0016766255571765984
0.007640254832202629
0.0018100620672132086
0.0030399087096750848
0.0010233184891018999
0.0014721873802494916
0.0013110310725029566
0.002355311721099984
0.0014202591581918395
0.0005447675777652705
0.001606342442325282
0.0017021312092713543
0.0018208445066534816
0.0007915657417196093
0.0015461299590217238
0.0007233565277074274
0.0010147219028888554
0.0009317233533796123
0.0007262332241895128
0.0004829452216172107
0.0006598727452416663
0.0006324914421100902
0.0003582939077893095
0.0005401403157045568
0.00047086755009373866
0.0012461784599878969
0.0010787428855329904
0.0007021947408727998
0.0010444823625185406
0.000717919278524077
0.0005405359658460805
0.0005660455084433306
0.000836009304937339
0.001822382950640766
0.0008281693816603947
0.0021183180512303265
0.0009665598600349807
0.0007052785458832347
0.0021742135318482533
0.0009536005805378296
0.0006377322810007379
0.0008501274668747122
0.0007463533117714677
0.00036383988134021264
0.0003696537715902388
0.0006128693009918868
0.0006591953485538037
0.0008057200211257442
0.0009053392417772971
0.004841891457380855
0.004949681452588159
0.0016847499679592832
0.004326925507683295
0.0018225025049611705
0.0033106045531997776
0.0021241215189327627
0.001376090971280052
0.0008536334424848993
0.0005371267725714479
0.0009559406840738549
0.0010033707015233123
0.0008175752304889389
0.001062441677774672
0.0017143236716677538
0.0006630112903784233
0.0006692696421552039
0.0009654830453136836
0.0014649702654790271
0.000957924463675652
0.0022069104811426516
0.001773579743139874
0.0007487220777237059
0.00046845294753561454
0.000573934683893267
0.0005541396111122725
0.00043695098448760366
0.0010967447796753286
0.0012914037543294845
0.0003806989759876989
0.0006944428479471349
0.0028731070328335308
0.0017508162007003668
0.0010583601060233762
0.005723286573046792
0.0018369247393230492
0.0008620546428900544
0.0018805210572356023
0.0038564312607450232
0.0014402036498292197
0.0016484526461864636
0.001077632968188658
0.0019556788251900575
0.0004989896072373381
0.001101891180059784
0.0018763007992319836
0.0015124958996623004
0.0014435185771476578
0.0024468009017829554
0.001616757085425877
0.00033636519991904
0.0007038439057433301
0.0012957481649776166
0.0007604863686464494
0.004200665076276664
0.0005446473442037999
0.0006136788141013027
0.0002780566945752923
0.0003751008275446154
0.000693241271595575
0.001140039816507828
0.0005527103815912216
0.0005462855700670916
0.0004308348399084508
0.00020863342526446525
0.0012945887317922268
0.0006928418755865903
0.00047349034329683727
0.00043841377174462764
0.0006689967093711928
0.0007926983232830978
0.0007218507899137448
0.000688545387464743
0.0005028188881167284
0.0005067108853529784
0.0011250558993173454
0.0006803310517354786
0.0007928245974553595
0.0002448863885875256
0.00035052154201866965
0.0012564662359850884
0.0008182595802301128
0.0008719190840368799
0.0004928924995872377
0.0004953406104104223
0.00020898927226714682
0.0003081865070609747
0.0010497213665329125
0.00034873081141644755
0.00047577553184881846
0.0009780406441558121
0.0008216388472739428
0.00022507445428215656
0.00038152454151035907
0.0015412492162247145
0.0012124086126681843
0.0008726626030544539
0.0011678202475325695
0.0007134731128891071
0.00039836065098084296
0.0005699734639862301
0.0007357404079285031
0.00040104676482006514
0.0006566307333983648
0.001924035024672256
0.0010662057485077267
0.000504600233554404
0.0011043274466910064
0.004910685778884063
0.004291907733207655
0.011158367502344039
0.011135855974921368
0.0031318937645090274
0.0013227013470766599
0.0014198435509761257
0.0018624376170455017
0.0012773738872047258
0.001283714331843532
0.0013058552927860748
0.001158314625577101
0.0004634676525525323
0.0006620283621387352
0.0009466579759945036
0.0007131553235896232
0.0007278636764879368
0.001599015838841993
0.0012685652688710306
0.0003750795672599997
0.00027408418010154204
0.001405742887972802
0.0008962729674998614
0.001173086792555629
0.000950990918304284
0.0005988837657371766
0.00024031191036664865
0.000305156029423641
0.0007171107948379914
0.00370638839714739
0.0015556328150245643
0.0005617508268817792
0.0013832106961067924
0.000802009177107372
0.0019967557915578724
0.007759666929132434
0.00804216948657086
0.010206740418842855
0.003376031065312691
0.002106006662268339
0.007490878452034907
0.006813851921970678
0.003334227877836199
0.002293658333618407
0.0023681821871081987
0.0016456851009216693
0.0012760994876644277
0.0006981111571171461
0.0007429375314654896
0.00085499191643423
0.0006808210203589433
0.0008863127719624434
0.002449111163701256
0.0037062681098325887
0.0004797224817494162
0.0011756198155459176
0.0009510255578571045
0.0014581929876842548
0.0014536801541426133
0.0009323563770078558
0.00268146099030842
0.0008087846282109664
0.0007708188649391783
0.0007934078257772289
0.0008644491463972058
0.003198656358124081
0.0012602511487725997
0.0010898695188319132
0.00094695730863932
0.000922304647677115
0.0024612953669409412
0.0030112465520879027
0.002452758957036288
0.0015756631749588685
0.0013269514168800802
0.0008760888461208334
0.0010227062245677786
0.0012598747772131634
0.0007018868729909783
0.001400009945826341
0.0017636825581254741
0.001463896252025114
0.0010950856116568196
0.001105136694562917
0.0006928859678956935
0.0013288166605488999
0.0006287488088549818
0.0007854726059022513
0.0007886783199595346
0.0002751875623125821
0.00024470017011788754
0.0006110425588061755
0.00042693575307050676
0.0012096771739150433
0.000912264465095288
0.0004858160635503132
0.0004908413113328657
0.00040780038780065557
0.0009835879220335142
0.0005602473657187045
0.0007150665210274785
0.0003275635595163653
0.002162060470025183
0.0006954224546698039
0.0006646877091256087
0.0006851107813017069
0.0007104466084511391
0.000586768310920587
0.000362354036080394
0.0016995015399149298
0.0004793280024523801
0.0003349949021290045
0.0005967933153637874
0.0008214262742060234
0.0009056320125928245
0.0006936381318983399
0.000689471103924885
0.0002136675538362599
0.00023294628895344392
0.0002694294266224565
0.0010217337780667626
0.000683307831342769
0.0006028300340565202
0.0012508312297111052
0.0007004705212155049
0.0006080892788464387
0.0011198363599712459
0.0026928340917028357
0.0010048279733028231
0.0010355328035906548
0.0005740926334835335
0.0003589627728059648
0.0006453441805668767
0.0021573519046749895
0.0011824337180353576
0.004496981188221062
0.0012590947276318995
0.0010849267314981925
0.0006128437824730335
0.00044545870942715594
0.0008200624375305409
0.0017474559312571647
0.0016735673155286366
0.0014185073787840135
0.0012999475286733166
0.00018874253068612454
0.00033949194910656876
0.00047571144826218423
0.0005735422910992982
0.000631805344597625
0.0006550515349354023
0.00044927810908386396
0.00013200010755168328
0.00017968315016153873
0.00036419283806106943
0.0003516805428612134
0.00019400145203348154
0.0014611629668391322
0.0007586048324725212
0.00011289523636772488
0.00020947365014111605
0.0003123586358928692
0.0003240285974890867
0.00020834890234201338
0.00030271930361354784
0.0003869711088760001
3.5114698791938074e-05
0.00019026874696268368
0.0002505798212897221
0.0008117669201821126
